{
 "cells": [
  {
   "cell_type": "code",
   "execution_count": 18,
   "metadata": {},
   "outputs": [
    {
     "data": {
      "text/html": [
       "<table>\n",
       "<caption>A matrix: 8 × 5 of type dbl</caption>\n",
       "<tbody>\n",
       "\t<tr><td>-1.2070657</td><td>-0.56445200</td><td>-0.5110095</td><td>-0.6937202</td><td>-0.7094400</td></tr>\n",
       "\t<tr><td> 0.2774292</td><td>-0.89003783</td><td>-0.9111954</td><td>-1.4482049</td><td>-0.5012581</td></tr>\n",
       "\t<tr><td> 1.0844412</td><td>-0.47719270</td><td>-0.8371717</td><td> 0.5747557</td><td>-1.6290935</td></tr>\n",
       "\t<tr><td>-2.3456977</td><td>-0.99838644</td><td> 2.4158352</td><td>-1.0236557</td><td>-1.1676193</td></tr>\n",
       "\t<tr><td> 0.4291247</td><td>-0.77625389</td><td> 0.1340882</td><td>-0.0151383</td><td>-2.1800396</td></tr>\n",
       "\t<tr><td> 0.5060559</td><td> 0.06445882</td><td>-0.4906859</td><td>-0.9359486</td><td>-1.3409932</td></tr>\n",
       "\t<tr><td>-0.5747400</td><td> 0.95949406</td><td>-0.4405479</td><td> 1.1022975</td><td>-0.2942939</td></tr>\n",
       "\t<tr><td>-0.5466319</td><td>-0.11028549</td><td> 0.4595894</td><td>-0.4755931</td><td>-0.4658975</td></tr>\n",
       "</tbody>\n",
       "</table>\n"
      ],
      "text/latex": [
       "A matrix: 8 × 5 of type dbl\n",
       "\\begin{tabular}{lllll}\n",
       "\t -1.2070657 & -0.56445200 & -0.5110095 & -0.6937202 & -0.7094400\\\\\n",
       "\t  0.2774292 & -0.89003783 & -0.9111954 & -1.4482049 & -0.5012581\\\\\n",
       "\t  1.0844412 & -0.47719270 & -0.8371717 &  0.5747557 & -1.6290935\\\\\n",
       "\t -2.3456977 & -0.99838644 &  2.4158352 & -1.0236557 & -1.1676193\\\\\n",
       "\t  0.4291247 & -0.77625389 &  0.1340882 & -0.0151383 & -2.1800396\\\\\n",
       "\t  0.5060559 &  0.06445882 & -0.4906859 & -0.9359486 & -1.3409932\\\\\n",
       "\t -0.5747400 &  0.95949406 & -0.4405479 &  1.1022975 & -0.2942939\\\\\n",
       "\t -0.5466319 & -0.11028549 &  0.4595894 & -0.4755931 & -0.4658975\\\\\n",
       "\\end{tabular}\n"
      ],
      "text/markdown": [
       "\n",
       "A matrix: 8 × 5 of type dbl\n",
       "\n",
       "| -1.2070657 | -0.56445200 | -0.5110095 | -0.6937202 | -0.7094400 |\n",
       "|  0.2774292 | -0.89003783 | -0.9111954 | -1.4482049 | -0.5012581 |\n",
       "|  1.0844412 | -0.47719270 | -0.8371717 |  0.5747557 | -1.6290935 |\n",
       "| -2.3456977 | -0.99838644 |  2.4158352 | -1.0236557 | -1.1676193 |\n",
       "|  0.4291247 | -0.77625389 |  0.1340882 | -0.0151383 | -2.1800396 |\n",
       "|  0.5060559 |  0.06445882 | -0.4906859 | -0.9359486 | -1.3409932 |\n",
       "| -0.5747400 |  0.95949406 | -0.4405479 |  1.1022975 | -0.2942939 |\n",
       "| -0.5466319 | -0.11028549 |  0.4595894 | -0.4755931 | -0.4658975 |\n",
       "\n"
      ],
      "text/plain": [
       "     [,1]       [,2]        [,3]       [,4]       [,5]      \n",
       "[1,] -1.2070657 -0.56445200 -0.5110095 -0.6937202 -0.7094400\n",
       "[2,]  0.2774292 -0.89003783 -0.9111954 -1.4482049 -0.5012581\n",
       "[3,]  1.0844412 -0.47719270 -0.8371717  0.5747557 -1.6290935\n",
       "[4,] -2.3456977 -0.99838644  2.4158352 -1.0236557 -1.1676193\n",
       "[5,]  0.4291247 -0.77625389  0.1340882 -0.0151383 -2.1800396\n",
       "[6,]  0.5060559  0.06445882 -0.4906859 -0.9359486 -1.3409932\n",
       "[7,] -0.5747400  0.95949406 -0.4405479  1.1022975 -0.2942939\n",
       "[8,] -0.5466319 -0.11028549  0.4595894 -0.4755931 -0.4658975"
      ]
     },
     "metadata": {},
     "output_type": "display_data"
    }
   ],
   "source": [
    "library(glmnet)\n",
    "nrows <- 8\n",
    "ncols <- 5\n",
    "set.seed(1234)\n",
    "X0 <- matrix(rnorm(nrows*ncols), nrows, ncols)\n",
    "Sigmainv <- .25^abs(outer(1:ncols,1:ncols,\"-\"))\n",
    "X <- backsolve( chol(Sigmainv), X0)\n",
    "X0"
   ]
  },
  {
   "cell_type": "code",
   "execution_count": 19,
   "metadata": {},
   "outputs": [
    {
     "data": {
      "text/html": [
       "<table>\n",
       "<caption>A matrix: 5 × 5 of type dbl</caption>\n",
       "<tbody>\n",
       "\t<tr><td>-1.278697672</td><td>-0.3346452</td><td>-0.2757399</td><td>-0.31979535</td><td>-0.58001576</td></tr>\n",
       "\t<tr><td> 0.006526181</td><td>-0.7960165</td><td>-0.7249218</td><td>-1.64410089</td><td>-0.09706697</td></tr>\n",
       "\t<tr><td> 1.725662574</td><td>-0.2350602</td><td>-1.4883932</td><td> 0.85791193</td><td>-1.38104250</td></tr>\n",
       "\t<tr><td>-2.533425688</td><td>-0.8307012</td><td> 2.4604424</td><td>-1.05331839</td><td>-0.64302817</td></tr>\n",
       "\t<tr><td> 0.443198073</td><td>-0.8017116</td><td> 0.1384857</td><td>-0.01563477</td><td>-2.25153527</td></tr>\n",
       "</tbody>\n",
       "</table>\n"
      ],
      "text/latex": [
       "A matrix: 5 × 5 of type dbl\n",
       "\\begin{tabular}{lllll}\n",
       "\t -1.278697672 & -0.3346452 & -0.2757399 & -0.31979535 & -0.58001576\\\\\n",
       "\t  0.006526181 & -0.7960165 & -0.7249218 & -1.64410089 & -0.09706697\\\\\n",
       "\t  1.725662574 & -0.2350602 & -1.4883932 &  0.85791193 & -1.38104250\\\\\n",
       "\t -2.533425688 & -0.8307012 &  2.4604424 & -1.05331839 & -0.64302817\\\\\n",
       "\t  0.443198073 & -0.8017116 &  0.1384857 & -0.01563477 & -2.25153527\\\\\n",
       "\\end{tabular}\n"
      ],
      "text/markdown": [
       "\n",
       "A matrix: 5 × 5 of type dbl\n",
       "\n",
       "| -1.278697672 | -0.3346452 | -0.2757399 | -0.31979535 | -0.58001576 |\n",
       "|  0.006526181 | -0.7960165 | -0.7249218 | -1.64410089 | -0.09706697 |\n",
       "|  1.725662574 | -0.2350602 | -1.4883932 |  0.85791193 | -1.38104250 |\n",
       "| -2.533425688 | -0.8307012 |  2.4604424 | -1.05331839 | -0.64302817 |\n",
       "|  0.443198073 | -0.8017116 |  0.1384857 | -0.01563477 | -2.25153527 |\n",
       "\n"
      ],
      "text/plain": [
       "     [,1]         [,2]       [,3]       [,4]        [,5]       \n",
       "[1,] -1.278697672 -0.3346452 -0.2757399 -0.31979535 -0.58001576\n",
       "[2,]  0.006526181 -0.7960165 -0.7249218 -1.64410089 -0.09706697\n",
       "[3,]  1.725662574 -0.2350602 -1.4883932  0.85791193 -1.38104250\n",
       "[4,] -2.533425688 -0.8307012  2.4604424 -1.05331839 -0.64302817\n",
       "[5,]  0.443198073 -0.8017116  0.1384857 -0.01563477 -2.25153527"
      ]
     },
     "metadata": {},
     "output_type": "display_data"
    }
   ],
   "source": [
    "X"
   ]
  },
  {
   "cell_type": "code",
   "execution_count": 24,
   "metadata": {},
   "outputs": [
    {
     "data": {
      "text/html": [
       "<ol class=list-inline>\n",
       "\t<li>1.85515316216243</li>\n",
       "\t<li>0.263065728352796</li>\n",
       "\t<li>1.01482393245292</li>\n",
       "\t<li>0.436823901935938</li>\n",
       "\t<li>0.190892954028137</li>\n",
       "</ol>\n"
      ],
      "text/latex": [
       "\\begin{enumerate*}\n",
       "\\item 1.85515316216243\n",
       "\\item 0.263065728352796\n",
       "\\item 1.01482393245292\n",
       "\\item 0.436823901935938\n",
       "\\item 0.190892954028137\n",
       "\\end{enumerate*}\n"
      ],
      "text/markdown": [
       "1. 1.85515316216243\n",
       "2. 0.263065728352796\n",
       "3. 1.01482393245292\n",
       "4. 0.436823901935938\n",
       "5. 0.190892954028137\n",
       "\n",
       "\n"
      ],
      "text/plain": [
       "[1] 1.8551532 0.2630657 1.0148239 0.4368239 0.1908930"
      ]
     },
     "metadata": {},
     "output_type": "display_data"
    }
   ],
   "source": [
    "lambda = rep(0,ncol(X))\n",
    "for (k in 1:ncol(X)) {\n",
    "    a = 2 * (ncol(X)-k+1) / ncol(X)\n",
    "    lambda[k] = a*sqrt(var(X[,k])*log(ncol(X))/nrow(X))\n",
    "    }\n",
    "\n",
    "lambda"
   ]
  },
  {
   "cell_type": "code",
   "execution_count": 25,
   "metadata": {},
   "outputs": [
    {
     "name": "stdout",
     "output_type": "stream",
     "text": [
      "[1] 0\n",
      "[1] 0\n",
      "[1] 0\n",
      "[1] 0\n",
      "[1] 0\n"
     ]
    }
   ],
   "source": [
    "for (k in 1:ncol(X)) {\n",
    "fitreg  = glmnet::glmnet(X[,-k],X[,k], family=\"gaussian\",\n",
    "                         lambda = lambda,\n",
    "                             standardize = FALSE)\n",
    "print(fitreg$beta[1])\n",
    "}"
   ]
  },
  {
   "cell_type": "code",
   "execution_count": 46,
   "metadata": {},
   "outputs": [],
   "source": [
    "PrecXia = function(X){\n",
    "  n = nrow(X)\n",
    "  betahat = matrix(0,ncol(X)-1,ncol(X))\n",
    "  reshat  = X\n",
    "  for (k in 1:ncol(X)){\n",
    "    fitreg  = glmnet::glmnet(X[,-k],X[,k],family=\"gaussian\",\n",
    "        lambda = 2*sqrt(var(X[,k])*log(ncol(X))/nrow(X)),\n",
    "                             standardize = FALSE) \n",
    "    betahat[,k] = as.vector(fitreg$beta)\n",
    "    reshat[,k]  = X[,k]-as.vector(predict(fitreg,X[,-k]))\n",
    "  }\n",
    "  rtilde = cov(reshat)*(n-1)/n\n",
    "  rhat   = rtilde\n",
    "  for (i in 1:(ncol(X)-1)){\n",
    "    for (j in (i+1):ncol(X)){\n",
    "      rhat[i,j] = -(rtilde[i,j]+rtilde[i,i]*betahat[i,j]+rtilde[j,j]*betahat[j-1,i])\n",
    "      rhat[j,i] = rhat[i,j]\n",
    "    }\n",
    "  }\n",
    "  Tprec  = 1/rhat\n",
    "  TprecStd = Tprec\n",
    "  for (i in 1:(ncol(X)-1)){\n",
    "    for (j in (i+1):ncol(X)){\n",
    "      Tprec[i,j] = Tprec[j,i] = rhat[i,j]/(rhat[i,i]*rhat[j,j])\n",
    "      thetahatij = (1+(betahat[i,j]^2*rhat[i,i]/rhat[j,j]))/(n*rhat[i,i]*rhat[j,j])   \n",
    "      TprecStd[i,j] = TprecStd[j,i] = Tprec[i,j]/sqrt(thetahatij)\n",
    "    }\n",
    "  }\n",
    "  \n",
    "  MatPrecXia = list(Tprec=Tprec,TprecStd=TprecStd)\n",
    "}"
   ]
  },
  {
   "cell_type": "code",
   "execution_count": 23,
   "metadata": {},
   "outputs": [],
   "source": [
    "result <- PrecXia(X)"
   ]
  },
  {
   "cell_type": "code",
   "execution_count": 24,
   "metadata": {},
   "outputs": [
    {
     "data": {
      "text/html": [
       "<dl>\n",
       "\t<dt>$Tprec</dt>\n",
       "\t\t<dd><table>\n",
       "<caption>A matrix: 5 × 5 of type dbl</caption>\n",
       "<tbody>\n",
       "\t<tr><td> 0.9329074</td><td>-0.2050439</td><td>0.7263450</td><td>-0.3114785</td><td> 0.6028658</td></tr>\n",
       "\t<tr><td>-0.2050439</td><td> 2.7587035</td><td>0.5276542</td><td>-1.3085151</td><td>-1.1540177</td></tr>\n",
       "\t<tr><td> 0.7263450</td><td> 0.5276542</td><td>0.9651949</td><td> 0.2950095</td><td> 0.1728215</td></tr>\n",
       "\t<tr><td>-0.3114785</td><td>-1.3085151</td><td>0.2950095</td><td> 1.5349390</td><td> 0.1808986</td></tr>\n",
       "\t<tr><td> 0.6028658</td><td>-1.1540177</td><td>0.1728215</td><td> 0.1808986</td><td> 2.6327341</td></tr>\n",
       "</tbody>\n",
       "</table>\n",
       "</dd>\n",
       "\t<dt>$TprecStd</dt>\n",
       "\t\t<dd><table>\n",
       "<caption>A matrix: 5 × 5 of type dbl</caption>\n",
       "<tbody>\n",
       "\t<tr><td> 0.9329074</td><td>-0.3615098</td><td>2.1650162</td><td>-0.7362210</td><td> 1.0880350</td></tr>\n",
       "\t<tr><td>-0.3615098</td><td> 2.7587035</td><td>0.9146066</td><td>-1.7985631</td><td>-1.2111599</td></tr>\n",
       "\t<tr><td> 2.1650162</td><td> 0.9146066</td><td>0.9651949</td><td> 0.6855323</td><td> 0.3066421</td></tr>\n",
       "\t<tr><td>-0.7362210</td><td>-1.7985631</td><td>0.6855323</td><td> 1.5349390</td><td> 0.2545254</td></tr>\n",
       "\t<tr><td> 1.0880350</td><td>-1.2111599</td><td>0.3066421</td><td> 0.2545254</td><td> 2.6327341</td></tr>\n",
       "</tbody>\n",
       "</table>\n",
       "</dd>\n",
       "</dl>\n"
      ],
      "text/latex": [
       "\\begin{description}\n",
       "\\item[\\$Tprec] A matrix: 5 × 5 of type dbl\n",
       "\\begin{tabular}{lllll}\n",
       "\t  0.9329074 & -0.2050439 & 0.7263450 & -0.3114785 &  0.6028658\\\\\n",
       "\t -0.2050439 &  2.7587035 & 0.5276542 & -1.3085151 & -1.1540177\\\\\n",
       "\t  0.7263450 &  0.5276542 & 0.9651949 &  0.2950095 &  0.1728215\\\\\n",
       "\t -0.3114785 & -1.3085151 & 0.2950095 &  1.5349390 &  0.1808986\\\\\n",
       "\t  0.6028658 & -1.1540177 & 0.1728215 &  0.1808986 &  2.6327341\\\\\n",
       "\\end{tabular}\n",
       "\n",
       "\\item[\\$TprecStd] A matrix: 5 × 5 of type dbl\n",
       "\\begin{tabular}{lllll}\n",
       "\t  0.9329074 & -0.3615098 & 2.1650162 & -0.7362210 &  1.0880350\\\\\n",
       "\t -0.3615098 &  2.7587035 & 0.9146066 & -1.7985631 & -1.2111599\\\\\n",
       "\t  2.1650162 &  0.9146066 & 0.9651949 &  0.6855323 &  0.3066421\\\\\n",
       "\t -0.7362210 & -1.7985631 & 0.6855323 &  1.5349390 &  0.2545254\\\\\n",
       "\t  1.0880350 & -1.2111599 & 0.3066421 &  0.2545254 &  2.6327341\\\\\n",
       "\\end{tabular}\n",
       "\n",
       "\\end{description}\n"
      ],
      "text/markdown": [
       "$Tprec\n",
       ":   \n",
       "A matrix: 5 × 5 of type dbl\n",
       "\n",
       "|  0.9329074 | -0.2050439 | 0.7263450 | -0.3114785 |  0.6028658 |\n",
       "| -0.2050439 |  2.7587035 | 0.5276542 | -1.3085151 | -1.1540177 |\n",
       "|  0.7263450 |  0.5276542 | 0.9651949 |  0.2950095 |  0.1728215 |\n",
       "| -0.3114785 | -1.3085151 | 0.2950095 |  1.5349390 |  0.1808986 |\n",
       "|  0.6028658 | -1.1540177 | 0.1728215 |  0.1808986 |  2.6327341 |\n",
       "\n",
       "\n",
       "$TprecStd\n",
       ":   \n",
       "A matrix: 5 × 5 of type dbl\n",
       "\n",
       "|  0.9329074 | -0.3615098 | 2.1650162 | -0.7362210 |  1.0880350 |\n",
       "| -0.3615098 |  2.7587035 | 0.9146066 | -1.7985631 | -1.2111599 |\n",
       "|  2.1650162 |  0.9146066 | 0.9651949 |  0.6855323 |  0.3066421 |\n",
       "| -0.7362210 | -1.7985631 | 0.6855323 |  1.5349390 |  0.2545254 |\n",
       "|  1.0880350 | -1.2111599 | 0.3066421 |  0.2545254 |  2.6327341 |\n",
       "\n",
       "\n",
       "\n",
       "\n"
      ],
      "text/plain": [
       "$Tprec\n",
       "           [,1]       [,2]      [,3]       [,4]       [,5]\n",
       "[1,]  0.9329074 -0.2050439 0.7263450 -0.3114785  0.6028658\n",
       "[2,] -0.2050439  2.7587035 0.5276542 -1.3085151 -1.1540177\n",
       "[3,]  0.7263450  0.5276542 0.9651949  0.2950095  0.1728215\n",
       "[4,] -0.3114785 -1.3085151 0.2950095  1.5349390  0.1808986\n",
       "[5,]  0.6028658 -1.1540177 0.1728215  0.1808986  2.6327341\n",
       "\n",
       "$TprecStd\n",
       "           [,1]       [,2]      [,3]       [,4]       [,5]\n",
       "[1,]  0.9329074 -0.3615098 2.1650162 -0.7362210  1.0880350\n",
       "[2,] -0.3615098  2.7587035 0.9146066 -1.7985631 -1.2111599\n",
       "[3,]  2.1650162  0.9146066 0.9651949  0.6855323  0.3066421\n",
       "[4,] -0.7362210 -1.7985631 0.6855323  1.5349390  0.2545254\n",
       "[5,]  1.0880350 -1.2111599 0.3066421  0.2545254  2.6327341\n"
      ]
     },
     "metadata": {},
     "output_type": "display_data"
    }
   ],
   "source": [
    "result"
   ]
  },
  {
   "cell_type": "code",
   "execution_count": 25,
   "metadata": {},
   "outputs": [
    {
     "data": {
      "text/html": [
       "1.22504883647766"
      ],
      "text/latex": [
       "1.22504883647766"
      ],
      "text/markdown": [
       "1.22504883647766"
      ],
      "text/plain": [
       "[1] 1.225049"
      ]
     },
     "metadata": {},
     "output_type": "display_data"
    }
   ],
   "source": [
    "var(X[,1])"
   ]
  },
  {
   "cell_type": "code",
   "execution_count": null,
   "metadata": {},
   "outputs": [],
   "source": []
  }
 ],
 "metadata": {
  "jupytext": {
   "formats": "ipynb,Rmd"
  },
  "kernelspec": {
   "display_name": "R",
   "language": "R",
   "name": "ir"
  },
  "language_info": {
   "codemirror_mode": "r",
   "file_extension": ".r",
   "mimetype": "text/x-r-source",
   "name": "R",
   "pygments_lexer": "r",
   "version": "3.6.1"
  }
 },
 "nbformat": 4,
 "nbformat_minor": 2
}
